9.708127520384602915e-01 1.847110570116785151e-18 1.289822815029196299e-18 3.551637642158537034e+01
9.844798663368722336e-01 3.139323881798916369e-18 1.216151750732177117e-18 3.558493685580353372e+01
9.984783868076368973e-01 6.214732082771587475e-18 1.187761652449572492e-18 3.524618307367272507e+01
1.012808561807828189e+00 9.083082830725406947e-18 1.125084760511245520e-18 3.493493006717640270e+01
1.027469673175186449e+00 1.209967116648521670e-17 1.081662286248138111e-18 3.465046209490790829e+01
1.042460970781796226e+00 1.583652000469212301e-17 1.051028595844061015e-18 3.439288846708464575e+01
1.057780037243021942e+00 1.608538160253294622e-17 9.896740633142884466e-19 3.538879129206956264e+01
1.072351226951129277e+00 1.468766721142253569e-17 9.619277551037742419e-19 3.514499358405493012e+01
1.088292241616780842e+00 8.373659160505681497e-18 8.822802555518487158e-19 3.380391338928598088e+01
1.104545494788820248e+00 2.929372400146985723e-18 7.767572428973523196e-19 3.365822632086315735e+01
1.121108750848705649e+00 8.026039455205878052e-19 7.235599546889963558e-19 3.354128003502964361e+01
1.137970240346468875e+00 6.334625346326854286e-19 7.059510628650714306e-19 3.346134896280268123e+01
1.155117249478318397e+00 -2.051585467209871518e-19 6.745060447822243972e-19 3.340621834290470105e+01
1.172548151489280377e+00 1.194049692557188433e-19 6.428770377863149901e-19 3.338297554340304885e+01
1.190241384831824734e+00 9.805173428364349955e-19 6.350033324605274666e-19 3.339138002636286018e+01
1.208193320508713420e+00 2.850189170137604656e-18 6.363245730921136477e-19 3.342803138593571077e+01
1.226384503957201666e+00 6.510697458649756408e-18 6.412806356394572882e-19 3.349952947378020696e+01
1.244802327358110583e+00 1.363826721045519811e-17 6.546667239823712808e-19 3.359684534869941075e+01
1.263435670947387512e+00 1.810048234019251177e-17 6.922757409896325321e-19 3.372443284134304520e+01
1.282265838661361679e+00 1.487562459875237144e-17 6.608462123499356530e-19 3.388432754906932587e+01
1.301278117040037818e+00 7.846902003173709143e-18 5.981622960877052723e-19 3.407244250160739085e+01
1.320457351259222811e+00 2.681611795883568089e-18 5.289027992738605220e-19 3.428829038168219512e+01
1.339788562925804394e+00 7.975768561154525502e-19 5.370213821511552388e-19 3.453165608124467667e+01
1.359256201791430252e+00 -2.238476785883538512e-19 5.271917603521273438e-19 3.480314622737947161e+01
1.378844118217012804e+00 7.101125435352965411e-20 5.172567858089103656e-19 3.510203782051336674e+01
1.398537229441945362e+00 -8.638903679783370089e-19 5.349707597183823917e-19 3.542696220172842203e+01
1.418320752467457035e+00 -7.341608788802119330e-19 5.213193337620415225e-19 3.577726663769936977e+01
1.438180301307389053e+00 7.651663649024531347e-19 5.423437234137394909e-19 3.615224720163516992e+01
1.458101966987431330e+00 7.888430617589828174e-19 5.358000264293070284e-19 3.655116393386951756e+01
1.478072381615023412e+00 4.265121592051277827e-19 5.094860062023070306e-19 3.697325315255143607e+01
1.498078767933685773e+00 9.415803048680062273e-19 5.095217565102032129e-19 3.741773738641548164e+01
1.518108975823351026e+00 1.556458455616401318e-18 5.156324426373669260e-19 3.788383333241375794e+01
1.538151507207523805e+00 3.720183777101984590e-18 5.187615751157184659e-19 3.837075818368105473e+01
1.558195530794310502e+00 6.687667242641306390e-18 5.385999793098647694e-19 3.887773462130737556e+01
1.578230888014355182e+00 9.931790737670265137e-18 5.636956780896612359e-19 3.940399471488084515e+01
1.598248091440359397e+00 7.731630605177956553e-18 5.686202668494044281e-19 3.994878293198216568e+01
1.618238316880500571e+00 3.001843351028992965e-18 5.367888559248606215e-19 4.051135842954884936e+01
1.638193390230936686e+00 5.822298234418758852e-19 5.112421280056259805e-19 4.109099676331157269e+01
1.658105770076321095e+00 7.689817740478065327e-19 5.010130461948589305e-19 4.168699112745694180e+01
1.677968526915824876e+00 1.106818012247040161e-18 5.066875713229087465e-19 4.229865322213638734e+01
1.697775319792331539e+00 5.986591665249312942e-19 5.136842348043795109e-19 4.292531381923752321e+01
1.717520371008143476e+00 8.065284692938551919e-19 4.991937920724142595e-19 4.356632309102786138e+01
1.737198439513028214e+00 5.087242439558216452e-19 5.113337281715717524e-19 4.422105074996263596e+01
1.756804793473263127e+00 2.432100262602189912e-19 4.895285497040381482e-19 4.488888603902107377e+01
1.776335182446370453e+00 3.441498016677393482e-19 4.889199718824283546e-19 4.556923760702346726e+01
1.795785809521084575e+00 3.769187022032095193e-19 4.998141228387790685e-19 4.626153329334686504e+01
1.815153303716452671e+00 4.394302872029259544e-19 4.922039203174150919e-19 4.696610167797832247e+01
1.834433967210687966e+00 6.150881469059413831e-19 4.766547881092546828e-19 4.768193290624162017e+01
1.853625610844139571e+00 3.458084545605965326e-20 4.746525133698230514e-19 4.840746154856108063e+01
1.872726113742367415e+00 -8.314748330320601513e-20 4.721419014872640139e-19 4.914268968268272175e+01
1.891733539527625796e+00 -9.940401032828491282e-20 4.773425649299882553e-19 4.988730649885219748e+01
1.910646251594892098e+00 2.798912177091319812e-19 4.640753061270536286e-19 5.064191950933626885e+01
1.929462090698413235e+00 3.839076470797732138e-19 4.694384462380087685e-19 5.140645945481824697e+01
1.948179707723965537e+00 9.237877318467640806e-20 4.617289933624567576e-19 5.217829530869915544e+01
1.966799065703021432e+00 -6.207874520275449624e-21 4.574524543796924195e-19 5.295663381128780145e+01
1.985319512959920596e+00 6.900209988247648466e-19 4.609724994661429413e-19 5.374503920576319160e+01
2.003738651984819708e+00 5.534136126342297261e-19 4.662139572672398799e-19 5.454130448424993460e+01
2.022057516770655372e+00 1.696895547119833490e-18 4.582221347115188656e-19 5.534156792793807256e+01
2.040276422642196774e+00 1.751246386712025133e-18 4.574531510721684195e-19 5.615128930460784318e+01
2.058392860943683456e+00 9.643084481856875371e-19 4.552417645455466419e-19 5.696780243824954937e+01
2.076408988281794432e+00 2.307244508102480664e-18 4.484084309393542926e-19 5.778799194660359717e+01
2.094324356715338009e+00 2.472824165334176530e-18 4.392245922578121308e-19 5.861665990995651043e+01
2.112138154016118374e+00 1.483743864813827212e-18 4.436774576536641730e-19 5.944926577556773140e+01
2.129852771178686321e+00 8.576394092691144911e-19 4.301977488182872032e-19 6.028895800538914074e+01
2.147465564567621055e+00 1.548191250044915777e-18 4.411614979760078930e-19 6.113303926661255616e+01
2.164980512091454035e+00 1.685911401141256551e-18 4.367221142397230300e-19 6.198269226183872149e+01
2.182394355704116773e+00 1.361042408130435696e-18 4.458184871669190213e-19 6.283736120865650321e+01
2.199711352370651962e+00 -1.735492176478677492e-20 4.303255552942705041e-19 6.369597474581119911e+01
2.216928898289404870e+00 -2.965923048607153599e-19 4.348552589552109913e-19 6.456039364664292179e+01
2.234050190365092892e+00 6.069924828064138489e-19 4.271134594336517462e-19 6.542702726589342888e+01
2.251074576057798371e+00 8.789423782213392338e-19 4.310240702350301113e-19 6.630040539350106599e+01
2.268002842127889718e+00 5.858104737153686781e-19 4.303675136367698631e-19 6.717486030834461985e+01
2.284837249053579100e+00 2.243137886319758010e-20 4.375377772466708043e-19 6.805575576872193722e+01
2.301575862120765592e+00 -5.267610775829659087e-19 4.225820048172723753e-19 6.894146734454150760e+01
2.318221741011349923e+00 -2.603011249515003687e-19 4.220752038869689988e-19 6.982579734142517225e+01
2.334775937583935868e+00 -2.065467265785207690e-19 4.120462443536333693e-19 7.071773396781203758e+01
2.351237164535053825e+00 8.741179987274769457e-19 4.090998971132456333e-19 7.161429143720530988e+01
2.367607892174965034e+00 9.812297763434328673e-19 3.986289730279866756e-19 7.250994254473185663e+01
2.383889347243850931e+00 4.036977902954981177e-19 3.971135140359102559e-19 7.340834033553198879e+01
2.400082258661765611e+00 7.490685528102549202e-20 4.074344189844413873e-19 7.431436847662075706e+01
2.416185689228063982e+00 1.383390856674092602e-19 4.033514518948374233e-19 7.522334614431389355e+01
2.432202415675157159e+00 -1.529408551776500247e-19 4.036724162411372453e-19 7.613103463787935254e+01
2.448133270490344682e+00 1.180906783700530557e-18 4.223205844896957514e-19 7.704181986287689199e+01
2.463979095858045643e+00 1.300778082918132903e-18 4.040573977803593333e-19 7.795558988615263729e+01
2.479740742122032326e+00 9.326329304415433601e-19 3.971857413384547074e-19 7.887381802592921076e+01
2.495418435352259490e+00 1.177334012401071434e-18 3.904474795072836724e-19 7.979580865828332037e+01
2.511013292363845295e+00 9.247475956652772407e-19 3.861481997897970579e-19 8.071853722334618908e+01
2.526526695966744285e+00 8.387652710627388322e-19 3.829820507583836355e-19 8.164249242759980518e+01
2.541959514372038598e+00 6.140915535739328814e-19 3.842590920888741915e-19 8.256889436022595419e+01
2.557312617639404095e+00 5.491144617728179814e-19 3.902074113025902988e-19 8.349764467046752259e+01
2.572586876709408887e+00 9.781683073085536520e-19 3.764980113308802097e-19 8.442864700206320094e+01
2.587783162508452417e+00 1.478188057788438266e-19 3.706992500470932337e-19 8.536180696140965551e+01
2.602902345121158145e+00 -8.046642312787311348e-21 3.784244098334795018e-19 8.629703208207652665e+01
2.617945293028138831e+00 3.978540978632338988e-19 3.708071463271623564e-19 8.723423178941921208e+01
2.632912872403014415e+00 7.464573161382672053e-19 3.727058588377815857e-19 8.817331736874062642e+01
2.647805946465869642e+00 5.835032348767850146e-19 3.701978483089125434e-19 8.911420193139650792e+01
2.662625374889478369e+00 8.598619039126064924e-20 3.711749020840815738e-19 9.005680038262141807e+01
2.677372013254572636e+00 -5.695705970685027873e-20 3.885609127300242063e-19 9.414727110566165891e+01
2.691063501473622832e+00 9.825122126824277192e-20 3.824851710627972367e-19 9.509129195725992645e+01
2.705671802289757455e+00 4.347970966011753983e-19 3.845738073850326650e-19 9.283092886896004359e+01
2.720209733610425840e+00 7.509777560792476260e-19 3.817848665838613835e-19 9.377978794990823985e+01
2.734678156356834311e+00 9.029613234228604918e-19 3.759516648890544641e-19 9.472990974007272769e+01
2.749077893243011328e+00 4.770584174764438089e-19 3.861035892722493166e-19 9.568310667564887240e+01
2.763409224867830360e+00 6.125061014905329425e-19 3.929305668609841407e-19 9.663766630358080079e+01
2.777673464003037385e+00 4.569823499486697133e-19 3.932320689591374814e-19 9.759167716554090077e+01
2.791871421078388149e+00 5.057235133396042227e-19 3.934148746732702904e-19 9.854671814703016253e+01
2.806003899288695091e+00 7.917960019872542738e-19 3.907783540906425847e-19 9.950538802792780757e+01
2.820070938259318538e+00 7.523600680599017571e-19 3.905928004892415820e-19 1.004653118639691627e+02
2.834073995184855921e+00 1.356834919868109397e-18 3.949872120145918140e-19 1.014266054815228131e+02
2.848013054449938242e+00 6.541635240018135869e-19 4.066490106059140357e-19 1.023887512155196191e+02
2.861889678261750891e+00 6.186720685498558381e-19 3.931279763185826878e-19 1.033495648781020151e+02
2.875704411270233241e+00 1.337989545520886939e-18 3.927067727161231905e-19 1.043139990776893455e+02
2.889457448999104283e+00 2.097905652502360468e-18 3.897843314725584629e-19 1.052814634149528956e+02
2.903149484270507674e+00 1.755125572726719924e-18 3.975223596640986892e-19 1.062478852554861248e+02
2.916781752699733499e+00 2.563227772841422344e-18 3.982346733347625738e-19 1.072138121316990862e+02
2.930354764026037895e+00 2.756960411762931487e-18 3.872527802927219524e-19 1.081828453625007143e+02
2.943868808454340069e+00 1.941239618763885672e-18 3.965089636544327376e-19 1.091546200563336271e+02
2.957324477327545775e+00 2.797969296609064704e-18 3.951677943799923998e-19 1.101241221721597583e+02
2.970723274297021543e+00 2.575381998286606546e-18 3.978752685717504124e-19 1.110949761892674559e+02
2.984064869883514604e+00 3.173259373685603554e-18 3.966981661736942161e-19 1.120709263981515704e+02
2.997349848786841520e+00 2.524855919468432923e-18 3.957491944617445825e-19 1.130435755237053144e+02
3.010579864963073948e+00 2.388137317713107185e-18 3.920211923657301963e-19 1.140174779273079082e+02
3.023754395876389278e+00 3.541161730819607323e-18 4.022322591828869532e-19 1.149954849905091976e+02
3.036874413797977734e+00 3.771786473040033642e-18 4.193050533206114065e-19 1.159708721505447784e+02
3.049940923212802968e+00 4.048074927121810894e-18 4.163724592697262832e-19 1.169491767853646280e+02
3.062953613387473961e+00 3.437918456457884255e-18 3.962504897040256130e-19 1.179270676625079233e+02
3.075914210551323524e+00 3.847580812537584591e-18 3.893503039549379806e-19 1.189061107869162157e+02
3.088822041765082460e+00 3.576148855914822732e-18 3.871785563909201878e-19 1.198889092635208584e+02
3.101678245446125359e+00 2.727365771731895733e-18 3.958032067234679303e-19 1.208682507350135751e+02
3.114483687619841401e+00 2.551166096355765005e-18 3.824418022281949057e-19 1.218513303881944836e+02
3.127237947401760199e+00 2.919783277889903196e-18 3.896002215758215490e-19 1.228339089437943414e+02
3.139942764631163286e+00 2.160409462035081764e-18 4.035594375779459744e-19 1.238174494210131797e+02
3.152597400203557942e+00 1.888462703185602793e-18 3.982290034063992026e-19 1.248017896385048289e+02
3.165203599506490217e+00 8.066357632922064734e-19 3.795104692672334521e-19 1.257870195749448925e+02
3.177760597568454859e+00 1.076622163919009448e-18 3.855557046046247375e-19 1.267729793841173915e+02
3.190270144546344167e+00 9.410104693281573159e-19 3.807875872597567933e-19 1.277597585042420718e+02
3.202731450534182844e+00 7.199097927777230246e-19 3.763807594282554060e-19 1.287471994882218098e+02
3.215146269722388706e+00 1.314232848904123311e-19 3.981654394709578010e-19 1.297353911379198621e+02
3.227513788194878774e+00 7.186965664917277770e-19 3.969031409672093106e-19 1.307241784624892205e+02
3.239835763480584330e+00 9.011475348203333410e-19 3.787113470208397623e-19 1.317136495375377478e+02
3.252111358567091770e+00 1.092918685955734485e-18 3.786943779281052682e-19 1.327036518759400110e+02
3.264342333666063301e+00 4.990709587372064239e-19 3.807679915050579352e-19 1.336942727454481314e+02
3.276527829569416017e+00 1.154433327627559572e-18 3.861315565061879548e-19 1.346877874850682701e+02
3.288669170499229466e+00 7.369395594972097728e-19 3.766538302835018924e-19 1.356774145871766564e+02
3.300766713988798617e+00 7.658849526504053685e-19 3.856051707051739704e-19 1.366726717081727998e+02
3.312820060891104479e+00 7.035740316691896026e-19 3.796794464845399046e-19 1.376655379952266287e+02
3.324830979520568608e+00 1.088336058145499008e-18 3.931315288058487385e-19 1.386588670813286512e+02
3.336798556096682855e+00 1.648445432423364119e-18 3.945451169324974525e-19 1.396548761303255901e+02
3.348724155674208891e+00 1.252847484760678056e-18 3.777116857134346275e-19 1.406476318027976049e+02
3.360607873841680249e+00 1.347771591452906007e-18 3.954654604845889082e-19 1.416465244214447239e+02
3.372449466885112823e+00 1.295555797180703485e-18 3.898793434560845664e-19 1.426416201841893496e+02
3.384250689048983407e+00 7.068901515048035831e-19 3.719673640631870199e-19 1.436368050672088827e+02
3.396010633450085248e+00 6.204182731160797329e-19 3.869025104414381690e-19 1.446392020635321956e+02
3.407729874394311853e+00 8.834428179078564873e-19 3.953910862871064436e-19 1.456345171205048246e+02
3.419409824395831965e+00 5.042260179214981422e-19 3.855001958972551381e-19 1.466315676526048719e+02
3.431049612968593454e+00 7.305094622945674145e-19 3.766931069076636602e-19 1.476355799129689501e+02
3.442649815832795834e+00 7.568141960750728822e-19 3.910341843771380077e-19 1.486324624481079297e+02
3.454211779288987483e+00 1.330927225169197048e-18 3.911159678288782510e-19 1.496305772258743048e+02
3.465734748360154160e+00 1.197956144987039560e-18 3.794429374446287069e-19 1.506366871459514414e+02
3.477219021508820784e+00 6.548334289080355756e-19 3.768897755438318652e-19 1.516372373283764432e+02
3.488665916737871076e+00 1.145009730786821118e-18 3.882592389107802206e-19 1.526353629023232941e+02
3.500075231566580403e+00 1.368023488773492088e-18 3.875881557670350453e-19 1.536400634650510710e+02
3.511446922893617373e+00 2.320941698412396176e-18 3.973771630906640882e-19 1.546454295382125679e+02
3.522781669987548714e+00 2.048605519217153968e-18 3.796371216314198899e-19 1.556454938882558565e+02
3.534080290439205907e+00 1.864226683065620295e-18 3.843546137893751439e-19 1.566479681416170138e+02
3.545342321953645293e+00 1.936855977459417809e-18 3.842915129341352908e-19 1.576562405325351506e+02
3.556568092444239770e+00 1.262713357086896939e-18 3.980566044519471657e-19 1.586624136236148956e+02
3.567758267931129712e+00 1.767675708739700913e-18 4.034245748962255581e-19 1.596643859951414868e+02
3.578913452968406350e+00 1.866196841404285589e-18 3.897792776337436393e-19 1.606685005351351379e+02
3.590033408615509014e+00 2.065365318649166412e-18 4.136111575765948965e-19 1.616771130660638391e+02
3.601118410371057177e+00 2.263669084413282064e-18 3.895738528311956620e-19 1.626866668558094489e+02
3.612168710050891907e+00 1.942018395519221853e-18 3.857124719821591166e-19 1.636931830492074482e+02
3.623185112494902160e+00 3.003248128462146554e-18 3.959586573028831859e-19 1.646965119149636223e+02
3.634167871237533376e+00 3.227350409810053629e-18 4.147711583667680533e-19 1.657048013517440381e+02
3.645116691070728887e+00 4.215771106608891262e-18 4.186582956277069582e-19 1.667159453729037466e+02
3.656032106736528231e+00 5.344438254884044375e-18 4.232897484903706362e-19 1.677270620945342614e+02
3.666914199839325317e+00 5.636520573586666271e-18 4.002118840447137195e-19 1.687366207921836576e+02
3.677763691632705001e+00 5.824453539423691658e-18 4.083293692340573648e-19 1.697432720838964997e+02
3.688580824068266484e+00 5.398865867650159954e-18 4.112616314387896785e-19 1.707507485206822082e+02
3.699365827236939186e+00 5.529901608122886690e-18 4.278219675330272674e-19 1.717630351793808927e+02
3.710118437346778375e+00 5.986741810447154729e-18 4.219009189498859508e-19 1.727761419617251306e+02
3.720839384842876907e+00 6.464272901077950704e-18 4.092467534601335923e-19 1.737892363179865072e+02
3.731528505448089117e+00 6.680943537714469177e-18 4.229471075245161669e-19 1.748025414086328055e+02
3.742186491557561112e+00 7.032165930362226483e-18 4.436979911210601579e-19 1.758127686908273120e+02
3.752813572052883462e+00 8.638725078700129120e-18 4.429656801805463558e-19 1.768236488350463560e+02
3.763409973805423636e+00 8.839718387369490879e-18 4.563701645734313728e-19 1.778351665822948178e+02
3.773975921694588731e+00 7.541033697496532243e-18 4.389594352534557773e-19 1.788481245444899912e+02
3.784511542140605034e+00 7.107907835574567318e-18 4.166389971328404454e-19 1.798638114593738919e+02
3.795016905489127179e+00 8.141523137157585162e-18 4.352630664667793897e-19 1.808791110975302274e+02
3.805492499435573439e+00 1.156116363834498969e-17 4.684981032661928688e-19 1.818937208063221078e+02
3.815938422089953708e+00 1.443931422968567099e-17 4.940017099525723490e-19 1.829103539692456764e+02
3.826354841775863047e+00 1.565597529112359081e-17 4.942181638320397958e-19 1.839263350614179444e+02
3.836742157675171239e+00 1.255976714883393162e-17 4.664384654778498648e-19 1.849412146844263702e+02
3.847100580708215034e+00 8.816645601277597511e-18 4.492629876930304630e-19 1.859566127303475298e+02
3.857430319952502185e+00 9.288718361551938983e-18 4.542457304174939439e-19 1.869725149059368050e+02
3.867731582659989176e+00 1.097367060256312367e-17 4.639536523716629471e-19 1.879889070184366062e+02
3.878004574274224847e+00 1.252953808465886310e-17 4.684038129339174235e-19 1.890057749726736063e+02
3.888249498447667651e+00 1.288192657588339256e-17 4.724874938352743995e-19 1.900231047720542108e+02
3.898466557058433590e+00 1.317261991034113846e-17 4.714837541029363391e-19 1.910408825177967458e+02
3.908655950227407860e+00 1.401122551477448085e-17 4.649203903413583928e-19 1.920590944077300435e+02
3.918817876334830697e+00 1.471965377008635789e-17 4.979456021719745505e-19 1.930777267374746202e+02
3.928952532036987577e+00 1.592408499810887496e-17 5.067830225523726089e-19 1.940967658981032571e+02
3.939060112282747550e+00 1.729230741848874085e-17 5.095055806711165201e-19 1.951161983757966141e+02
3.949140810329987428e+00 1.780759190713621094e-17 5.163827407016430152e-19 1.961360107531677386e+02
3.959194817761691354e+00 1.823441887046005431e-17 5.106967894041526982e-19 1.971561897065874973e+02
3.969222324502349242e+00 1.879908715028061456e-17 5.057211110449967800e-19 1.981767220061288697e+02
3.979223518833755691e+00 1.898893732622286514e-17 5.060433241500266796e-19 1.991975945173435605e+02
3.989198587410922148e+00 2.050533536632286214e-17 5.257786582080765050e-19 2.002187941975915066e+02
3.999147715277941995e+00 2.043436296741921648e-17 5.501604740627599491e-19 2.012403080962686772e+02
4.009071085883568308e+00 2.088346918139445403e-17 5.449460110905540249e-19 2.022621233551826947e+02
4.018968881096731671e+00 2.296155829128852714e-17 5.417431733394778645e-19 2.032842272078820542e+02
4.028841281221875903e+00 2.293617929306145570e-17 5.486079345971741470e-19 2.043066069793627548e+02
4.038688465014195650e+00 2.146113704396309441e-17 5.361524184931379695e-19 2.053292500849319993e+02
4.048510609694773166e+00 2.203644756278230404e-17 5.358753454924990076e-19 2.063521440294977367e+02
4.058307890965573428e+00 2.541371600456855284e-17 5.716939793160165583e-19 2.073752764075100288e+02
4.068080483024275829e+00 2.700950005818699458e-17 5.769725866287026572e-19 2.083986349019289719e+02
4.077828558579057017e+00 2.681279562789947094e-17 5.715596023802026678e-19 2.094222072855812939e+02
4.087552288862986494e+00 2.845178231075976757e-17 5.879024012354661200e-19 2.104459814170166112e+02
4.097251843648887615e+00 2.848561934438498157e-17 5.816584788585332220e-19 2.114699452437387777e+02
4.106927391263123894e+00 2.710596494128426989e-17 5.793554047741869737e-19 2.124940867998366798e+02
4.116579098600371189e+00 2.774219555136673492e-17 5.875664421591805168e-19 2.135183942053963904e+02
4.126207131137152651e+00 3.105988812083419936e-17 6.148669067382139248e-19 2.145428556668290412e+02
4.135811652946272510e+00 3.178268959160410691e-17 6.284394240030821507e-19 2.155697471882577076e+02
4.145392623103863805e+00 2.829048876823304485e-17 5.851457581463196421e-19 2.165976731252912941e+02
4.154950328645276691e+00 2.742128566564854193e-17 5.703739175422856322e-19 2.176235953825165552e+02
4.164484993677661784e+00 3.095653840239602494e-17 6.058827475563616295e-19 2.186522060655454993e+02
4.173996489068781734e+00 3.266005926589711523e-17 6.086297418710841934e-19 2.196813809868733642e+02
4.183485222419478511e+00 2.989953887618118550e-17 6.031225589278063755e-19 2.207074932418211972e+02
4.192951374383145691e+00 2.684560338578690826e-17 5.973704164804330217e-19 2.217333969852676034e+02
4.202395099918273758e+00 2.855857924513368006e-17 5.858552658264594003e-19 2.227593629547518503e+02
4.211816552682169146e+00 2.668304044255878961e-17 5.793031751410055177e-19 2.237853800788827527e+02
4.221215885043725358e+00 2.237077240736053864e-17 5.641224786508176788e-19 2.248122294360893818e+02
4.230593181941316061e+00 2.224250653705944580e-17 5.885828917297270810e-19 2.258432028170066985e+02
4.239948320331446752e+00 2.558472172285617957e-17 5.867881028615178633e-19 2.268749676500197552e+02
4.249281662051083153e+00 2.598640661746909228e-17 5.915032466046880098e-19 2.279067174952445498e+02
4.258593148833001329e+00 2.625577590078723916e-17 5.844464765708125036e-19 2.289372683137833633e+02
4.267883234351649513e+00 2.385198618245067428e-17 5.672966365200230208e-19 2.299640490452348160e+02
4.277152063811542781e+00 2.471451316504656359e-17 5.726736634479588730e-19 2.309908049368738432e+02
4.286399781211514437e+00 2.704481517879720074e-17 5.712305736951011415e-19 2.320180139263116530e+02
4.295626490467797431e+00 2.652164519415223377e-17 5.866661969298308963e-19 2.330509355660626625e+02
4.304831917002061914e+00 2.270262300422658807e-17 5.693145702449002461e-19 2.340871265497846139e+02
4.314016360856874677e+00 2.457481476576145448e-17 5.873260181311213309e-19 2.351206853645321075e+02
4.323180010680712115e+00 2.905820603464191002e-17 6.113991333083112891e-19 2.361507156346470424e+02
4.332323228990059505e+00 2.800109931224915154e-17 6.101173723065866109e-19 2.371777869564816115e+02
4.341446153073654557e+00 2.481454732379588735e-17 5.912585676339884229e-19 2.382058305685697803e+02
4.350548837249568201e+00 2.659960323665613444e-17 6.026300774249638992e-19 2.392401374139921302e+02
4.359631014879352229e+00 2.940732063990197235e-17 6.190903895422127567e-19 2.402798966584012703e+02
4.368692806326920142e+00 3.112500109086602334e-17 6.184804956756188887e-19 2.413147254978885599e+02
4.377734729011646841e+00 2.968348514341722101e-17 6.017139793155728192e-19 2.423431179715657038e+02
4.386757007058732505e+00 2.613453195037992380e-17 5.942867510745951510e-19 2.433701352792250248e+02
4.395759771410648220e+00 2.495050043644528289e-17 5.973510245667014342e-19 2.444047451870671352e+02
4.404742581635225029e+00 3.086550416414685888e-17 6.292681481455805678e-19 2.454466628047146912e+02
4.413705595286606886e+00 3.357790542098166462e-17 6.404406975645254258e-19 2.464831153260549854e+02
4.422649307576464572e+00 2.801585022191552617e-17 6.347774868177340569e-19 2.475122572672345314e+02
4.431574000497753296e+00 2.232429249454403048e-17 5.680205088761189313e-19 2.485406785406638619e+02
4.440479684585645792e+00 2.397509241244444776e-17 5.855731454368005057e-19 2.495778871476107952e+02
4.449365960095357231e+00 2.462878982310880245e-17 6.045724298700772515e-19 2.506220646485703298e+02
4.458232973651931275e+00 2.456507715669218966e-17 5.916454911156816306e-19 2.516573676647231821e+02
4.467081447684782880e+00 2.098144468927536803e-17 5.735498416657203382e-19 2.526839768912850559e+02
4.475911504370983174e+00 1.982894844115932374e-17 5.695152068741588566e-19 2.537185194832483717e+02
4.484722696394128683e+00 1.905214970324644715e-17 5.738353295985422857e-19 2.547638009157058718e+02
4.493514957766930884e+00 1.884971397943949455e-17 5.647017174678752583e-19 2.558029182560441654e+02
4.502289012636342846e+00 1.871046587621487452e-17 5.662547053795380932e-19 2.568311069464004390e+02
4.511045112373849086e+00 1.618489379785664012e-17 5.762037207398483129e-19 2.578648416173388114e+02
4.519782848104878958e+00 1.347286545024610596e-17 5.368509510638844099e-19 2.589108742880547425e+02
4.528502018579636079e+00 1.262713495524344293e-17 5.396800431604619942e-19 2.599516519472424534e+02
4.537203402983671197e+00 1.352857201676585224e-17 5.562328092992598933e-19 2.609798614270712278e+02
4.545887281098259791e+00 1.380488182083136969e-17 5.259943897184156661e-19 2.620152355723504911e+02
4.554553108893589553e+00 1.179675557902928230e-17 5.476823850307347602e-19 2.630645009233658129e+02
4.563200727393396328e+00 1.145638776960838384e-17 5.288232372371499376e-19 2.641041971947487355e+02
4.571831140730503229e+00 1.017094837511421651e-17 5.214926186520470975e-19 2.651315497225658078e+02
4.580444360395634185e+00 1.096355430692937862e-17 5.344118900407944965e-19 2.661736067902590435e+02
4.589039625131456468e+00 1.127206920882943746e-17 5.293415896024871490e-19 2.672223350982175134e+02
4.597617474399913640e+00 1.071242429834189798e-17 5.383013672004277103e-19 2.682555973849391648e+02
4.606178568434855514e+00 1.190439850740299849e-17 5.349924880532329025e-19 2.692885245703701571e+02
4.614722468293670055e+00 1.109217620327465447e-17 5.321057526894710615e-19 2.703381614552048404e+02
4.623248753581684412e+00 1.088783443582698740e-17 5.368122023641157735e-19 2.713810174988938684e+02
4.631758474703368655e+00 1.336152111846685815e-17 5.521763228545941598e-19 2.724103896065696517e+02
4.640251623704930495e+00 1.391637716101700459e-17 5.733555420465176753e-19 2.734558107799011850e+02
4.648727401457826147e+00 1.387979855455269970e-17 5.732205127400817291e-19 2.745043796525599191e+02
4.657186608157060981e+00 1.680889784011267120e-17 5.872126008945239081e-19 2.755345996730412139e+02
4.665629767308370646e+00 1.845520767735340548e-17 6.031487548798800559e-19 2.765770555993164521e+02
4.674055794059696289e+00 1.497789604061981608e-17 5.910483104586039895e-19 2.776299500656206192e+02
4.682465327711543779e+00 1.654253265227379580e-17 5.779833314229759214e-19 2.786630994708763751e+02
4.690859114401006558e+00 1.698680833387422811e-17 5.846976090569377196e-19 2.797017272014664400e+02
4.699236261381975588e+00 1.426813206386262454e-17 5.660774782873408516e-19 2.807553684020765559e+02
4.707596946657350401e+00 1.201505464561034789e-17 5.499974996097937168e-19 2.817922860709206248e+02
4.715942172719351788e+00 1.124376648194222085e-17 5.468582921824915960e-19 2.828296788069897048e+02
4.724271088468110058e+00 1.100864125051934666e-17 5.563051856591269684e-19 2.838838906970780158e+02
4.732583733735257425e+00 1.287987355303434998e-17 5.717895800598439387e-19 2.849218229587145856e+02
4.740881201672464407e+00 1.397847361649612178e-17 5.664954536379236389e-19 2.859607534502417252e+02
4.749162516468452999e+00 1.546567661350584837e-17 5.736770698038215197e-19 2.870154729051946561e+02
4.757427914183804063e+00 1.401221005127835450e-17 5.573523387255972009e-19 2.880514877741570672e+02
4.765678410730779468e+00 1.291034828727075162e-17 5.649673298691383032e-19 2.890947955708514883e+02
4.773912743671378855e+00 1.190245882308957694e-17 5.656722857735994133e-19 2.901499602569268177e+02
4.782131670760331410e+00 1.054154317494889647e-17 5.561898038435430354e-19 2.911840348411562900e+02
4.790335799534894967e+00 1.251843576054090756e-17 5.567734631650070168e-19 2.922316411585575793e+02
4.798523926508352133e+00 1.384777132598639361e-17 5.824684174384946728e-19 2.932841931690695674e+02
4.806697144736141958e+00 1.378708797649836770e-17 5.980415940355523164e-19 2.943182734412049513e+02
4.814855556510579504e+00 1.424245083401786805e-17 5.856467091971485193e-19 2.953711418423335999e+02
4.822998180532931833e+00 1.512715092973626543e-17 5.895675545954709901e-19 2.964190059278109288e+02
4.831126436866029827e+00 1.350301898516271089e-17 5.802888808763548307e-19 2.974568629119094680e+02
4.839239615978637943e+00 1.179884062482996153e-17 5.813708135370398397e-19 2.985131378731917380e+02
4.847337581375302129e+00 1.406535511878198615e-17 5.768431480883010690e-19 2.995534400487808853e+02
4.855421495180512359e+00 1.715708539691906743e-17 6.130824404907074118e-19 3.006009714469205960e+02
4.863489962626132090e+00 1.834894622608831673e-17 6.238213774592567011e-19 3.016553594632243289e+02
4.871544165672030857e+00 1.722905402664054573e-17 6.313901255268062365e-19 3.026907031813739195e+02
4.879584094736800104e+00 1.650054739180718765e-17 6.203109477943182283e-19 3.037473227575650299e+02
4.887608781650988554e+00 1.424773355168669334e-17 6.035091598146185245e-19 3.047928654985684602e+02
4.895619931972215788e+00 1.382082372052112927e-17 5.922251353497177367e-19 3.058387937858652776e+02
4.903615972469952844e+00 1.620459066543214991e-17 6.327695615576485893e-19 3.068957551221517406e+02
4.911598047963159352e+00 1.901517395808793173e-17 6.391894818198552054e-19 3.079318518528031063e+02
4.919566248540487408e+00 2.002104811269715240e-17 6.566700786153124258e-19 3.089890863939001520e+02
4.927519536666708611e+00 1.736385546287336146e-17 6.231694449117528217e-19 3.100362517041443198e+02
4.935459614266534345e+00 1.483748593961823101e-17 5.922968023501944784e-19 3.110839432311856285e+02
4.943384899446293446e+00 1.347940127441211640e-17 5.924109498438628673e-19 3.121395266603499863e+02
4.951296714272216626e+00 1.028770408835898412e-17 5.866746449121964265e-19 3.131802939360597975e+02
4.959194632083185006e+00 1.178071394366656929e-17 6.057890006235696637e-19 3.142377676795917978e+02
4.967078377529001720e+00 1.599581947721452135e-17 6.200463893436688708e-19 3.152822851798932788e+02
4.974949016680768388e+00 1.638222179421665092e-17 6.247710195863272033e-19 3.163357643652851152e+02
4.982805176636471600e+00 1.745007455054164663e-17 6.313630418956369504e-19 3.173857414138968807e+02
4.990648541033812613e+00 1.797361451277753241e-17 6.349620666320015410e-19 3.184351627610494688e+02
4.998477593268358277e+00 1.654240368864276085e-17 6.315402058038242176e-19 3.194927193560000660e+02
5.006293584849971445e+00 1.363661805353177361e-17 6.152066598215604145e-19 3.205359165664706325e+02
5.014096103788104664e+00 8.636076193884365124e-18 5.671048772143871408e-19 3.215935959047190522e+02
5.021884990175323971e+00 7.353344081009054745e-18 5.653757551730083353e-19 3.226388857703204280e+02
5.029661137054895370e+00 1.122943842217620179e-17 6.169294935382668103e-19 3.236957845320612250e+02
5.037423225077968247e+00 1.390480667287037871e-17 6.281625116361178850e-19 3.247473199767897540e+02
5.045172960910556448e+00 1.729666707413189752e-17 6.545582919136980401e-19 3.257992332099188957e+02
5.052908752502951018e+00 1.773672422553209993e-17 6.800625425645845774e-19 3.268517865545158543e+02
5.060632288227588482e+00 1.844041031631411223e-17 6.893574987383247500e-19 3.279039191144783558e+02
5.068342030342063431e+00 1.595968753082686209e-17 6.630732896320969722e-19 3.289615050075577756e+02
5.076039385876371490e+00 1.086389341344411584e-17 6.274062481043574809e-19 3.300097911806763022e+02
5.083723511502715731e+00 9.764416896821501431e-18 6.243670310448441547e-19 3.310673910659899093e+02
5.091394940813793291e+00 1.407275365888560113e-17 6.727971832730299331e-19 3.321168261143308200e+02
5.099053643975621775e+00 1.412842486358558508e-17 7.060195324919275345e-19 3.331744162501145183e+02
5.106699398164887604e+00 1.169030605677120577e-17 6.373192391633126965e-19 3.342249855276971857e+02
5.114332870901466599e+00 1.366190101051091287e-17 6.308746635721181833e-19 3.352825423238219855e+02
5.121953198244827199e+00 1.395490384830577417e-17 6.660222178675104398e-19 3.363342312384729667e+02
5.129561630636639613e+00 1.029972206402586546e-17 6.381473233214013166e-19 3.373917312631216419e+02
5.137156776623682752e+00 6.682544017863081670e-18 6.306484808048266582e-19 3.384462276999417440e+02
5.193769169096482230e+00 9.490930585116583891e-18 2.927069352646124493e-20 5.338287133796217176e+01
5.256255876450378395e+00 8.121075896945104951e-18 2.860609139567587335e-20 5.451873211258700991e+01
5.317469720163749969e+00 7.407307805923423019e-18 2.645713484414947408e-20 5.562465527454530445e+01
5.377497027025237131e+00 5.701494894916038525e-18 2.452314124008314254e-20 5.669396843102092731e+01
5.436424123823481835e+00 4.355314097300650465e-18 2.327854258919876753e-20 5.771978170236633332e+01
5.494337337347118932e+00 3.548327133934453602e-18 2.390317989897042357e-20 5.869887346646326876e+01
5.551315548608130257e+00 2.726809087874707791e-18 2.195946619400603162e-20 5.964581914296967824e+01
5.607404729206564298e+00 2.348065720997273453e-18 2.095156059040935527e-20 6.058461150153366503e+01
5.662630898144456637e+00 1.970997238979266047e-18 2.067202281257888882e-20 6.152596221114338704e+01
5.717016947584748543e+00 1.758140296177778746e-18 2.039743191937713283e-20 6.247052225843112438e+01
5.770585769690381284e+00 1.752703963447008194e-18 2.091726317651269759e-20 6.341722170134617187e+01
5.823360256624296127e+00 1.643464145239744297e-18 2.111086811742162602e-20 6.436491822743857938e+01
5.875363300549432566e+00 1.421774850958835245e-18 2.105339066408943297e-20 6.531239657135998300e+01
5.926617793628734532e+00 1.460921947412075063e-18 1.959599333459555205e-20 6.625836837005847713e+01
5.977146628025140629e+00 1.597797767306100088e-18 2.167306099039321423e-20 6.720147250484471613e+01
6.026972695901591237e+00 1.630145046802175037e-18 2.035474005359938078e-20 6.814027597934770597e+01
6.076118889421025848e+00 1.585703716982134237e-18 2.139802229958821522e-20 6.907327538136716782e+01
6.124608100746385730e+00 1.675713159518934675e-18 2.072138460884922328e-20 6.999889897462287536e+01
6.172463222040610376e+00 2.145601219711783896e-18 2.155097938223486649e-20 7.091550946336130323e+01
6.219707145466639275e+00 2.874247491779887950e-18 2.158789940191885223e-20 7.182140746856815383e+01
6.266362763187408369e+00 3.342703799922967281e-18 2.324436018081986058e-20 7.271483574908621961e+01
6.312452967365858925e+00 3.019009575071700238e-18 2.237099890543061566e-20 7.359398419422308280e+01
6.358000650164930434e+00 2.109057030201919944e-18 2.124182802170547425e-20 7.445699560636853676e+01
6.403028703747557948e+00 1.493067992917122418e-18 2.044001576249975926e-20 7.530197228275265786e+01
6.447560020276680071e+00 1.311430511912468493e-18 1.996733997349906696e-20 7.612698339490749788e+01
6.491617491915235405e+00 1.286752002386024300e-18 2.016988299930948616e-20 7.693007315254722300e+01
6.535224010826160779e+00 1.439616205501667886e-18 2.109085642470107923e-20 7.770926972570721603e+01
6.578402469172392131e+00 1.580339006992246019e-18 2.105979990604630681e-20 7.846259488528507120e+01
6.621175759116868065e+00 1.754524992183114804e-18 2.113457502715628600e-20 7.918807430776764988e+01
6.663566772822521855e+00 1.836881485939384060e-18 2.168807086833650154e-20 7.988579825942633761e+01
6.705596236257433951e+00 2.085031029696901779e-18 2.226295573144836802e-20 8.056523540921048721e+01
6.747275300099347284e+00 2.071703228598512053e-18 2.185191836171600225e-20 8.124018558570598714e+01
6.788609306170981128e+00 2.102903712737675099e-18 2.127987539635776933e-20 8.191681500102183122e+01
6.829602685578526788e+00 2.045716657426978766e-18 2.077416874393096213e-20 8.259584425122082507e+01
6.870259869428176458e+00 2.237847801413918150e-18 2.263338859420366484e-20 8.327711058135460576e+01
6.910585288826119665e+00 2.450001224025565461e-18 2.269550016511213614e-20 8.396044430583847884e+01
6.950583374878549492e+00 2.522404804839686271e-18 2.271941104253644737e-20 8.464566870667913179e+01
6.990258558691652802e+00 2.242100338085638168e-18 2.081205831125709407e-20 8.533259993839028823e+01
7.029615271371623564e+00 2.394686408622065258e-18 2.118006992664971288e-20 8.602104694024009746e+01
7.068657944024650419e+00 2.675277134502653637e-18 2.043261800098026810e-20 8.671081135646096527e+01
7.107391007756925561e+00 2.567581173451032805e-18 2.157701555891861125e-20 8.740168746506246578e+01
7.145818893674639405e+00 2.235602543014790391e-18 2.312829196786453517e-20 8.809346211595018872e+01
7.183946032883979704e+00 2.119701587616234292e-18 2.272447282260953026e-20 8.878591467899005352e+01
7.221776856491140428e+00 2.029751701542732307e-18 2.226401894465231312e-20 8.947881700277088157e+01
7.259315795602310217e+00 1.682531041082866552e-18 2.179955937628469811e-20 9.017193338473417441e+01
7.296567281323680376e+00 1.622259270040927217e-18 2.208313429694832854e-20 9.086502055339100536e+01
7.333535744761437769e+00 1.435854788230663446e-18 2.226139670802498887e-20 9.155782766335525480e+01
7.370225617021775477e+00 1.388825099793384727e-18 2.240840840217666688e-20 9.225009630391883775e+01
7.406641329210884805e+00 1.328383584264530077e-18 2.213603846737265268e-20 9.294156052190274409e+01
7.442787312434953506e+00 1.416699759846743306e-18 2.156566625102292271e-20 9.363194685946136531e+01
7.478667997800167555e+00 1.304525640708467491e-18 2.163156369490286450e-20 9.432097440756976425e+01
7.514287816412725363e+00 1.558312845522335356e-18 2.140599229272984495e-20 9.500835487596025075e+01
7.549651199378812905e+00 1.806118445082087014e-18 2.110090057414126326e-20 9.569379268010675332e+01
7.584762577804617933e+00 1.956999679808596279e-18 2.006582370795244684e-20 9.637698504592295023e+01
7.619626382796329978e+00 1.835774753871436860e-18 1.864321443517447213e-20 9.705762213290383045e+01
7.654247045460141230e+00 1.546566933718381260e-18 1.918980311613373967e-20 9.773538717627049266e+01
7.688628996902238555e+00 1.172017592239604689e-18 1.907622376823970907e-20 9.840995664867872961e+01
7.722776668228817698e+00 1.332445629319051207e-18 1.976616206358877782e-20 9.908100044210883084e+01
7.756694490546059306e+00 1.468666817698079968e-18 1.959383395495731544e-20 9.974818207035660578e+01
7.790386894960157349e+00 1.559255728802262168e-18 2.009010331852352163e-20 1.004111588926398042e+02
7.823858312577298690e+00 1.625323365340215715e-18 2.039141064035068124e-20 1.010695823587376054e+02
7.857113174503675523e+00 1.552147962830367197e-18 1.990612969713939468e-20 1.017230982759430447e+02
7.890155911845474712e+00 1.473134215891236148e-18 2.021029810623983451e-20 1.023713470981709435e+02
7.922990955708884009e+00 1.603543950397815908e-18 1.987674963030924406e-20 1.030139642373847977e+02
7.955622737200092942e+00 1.746553778125377127e-18 2.093649386960425675e-20 1.036505803975306179e+02
7.988055687425296369e+00 1.790436810393028751e-18 2.180981355247109670e-20 1.042808219310472424e+02
8.020294237490674050e+00 1.765080010990612441e-18 2.196916277688373199e-20 1.049043112178305535e+02
8.052342818502417288e+00 1.897312837592077959e-18 2.239920423601634500e-20 1.055206670666266859e+02
8.084205861566719165e+00 2.066546601884181750e-18 2.311873664281427104e-20 1.061295051387173345e+02
8.115887797789760327e+00 2.360990458918843864e-18 2.409031547847657617e-20 1.067304383933836789e+02
8.147393058277735634e+00 2.373861683145446455e-18 2.449738511945429315e-20 1.073230775549514391e+02
8.178726074136827506e+00 2.443183053523146654e-18 2.416052892037239507e-20 1.079070316008092192e+02
8.209891276473232580e+00 2.630764976473805498e-18 2.557806541748278064e-20 1.084819082698093524e+02
8.240893096393133277e+00 2.915965832382036141e-18 2.621669766278497156e-20 1.090473145903341390e+02
8.271735965002715574e+00 3.070666619609005540e-18 2.518144508734959953e-20 1.096028574271138041e+02
8.302424313408168999e+00 3.189404881773129573e-18 2.768450129066016512e-20 1.101481440459980234e+02
8.332962572715683081e+00 3.452199748752177412e-18 2.779646508863953421e-20 1.106827826954941827e+02
8.363355174031447348e+00 3.463479601210086170e-18 2.746084310531211492e-20 1.112071491222503568e+02
8.393606130787674147e+00 3.764128215616999345e-18 2.778119411168133558e-20 1.117250677552480767e+02
8.423717609618325497e+00 4.008816672082118092e-18 2.742431488425868426e-20 1.122418344128024046e+02
8.453690654896686141e+00 4.175388705807569749e-18 2.728447385125875218e-20 1.127597977283357551e+02
8.483526134834587396e+00 4.264742325180320801e-18 2.768181275385270965e-20 1.132792596165414380e+02
8.513224917643853473e+00 4.288890979792096973e-18 2.606698473036891006e-20 1.138001952213910641e+02
8.542787871536319244e+00 4.670133863365775105e-18 2.767588754168499782e-20 1.143225789658106493e+02
8.572215864723805367e+00 4.922754241622692487e-18 2.901966809507423434e-20 1.148463845425057599e+02
8.601509765418139608e+00 4.753455925430311450e-18 2.933527752670279491e-20 1.153715849048203665e+02
8.630670441831153283e+00 4.707731990429229589e-18 2.988618709399680479e-20 1.158981522577670233e+02
8.659698762174675934e+00 4.921872637095778804e-18 3.021977596097912621e-20 1.164260580490886952e+02
8.688595594660533550e+00 5.052058136129691167e-18 3.079448235006693641e-20 1.169552729604070862e+02
8.717361807500548565e+00 5.308161680875523715e-18 3.090581329491936301e-20 1.174857668984595733e+02
8.745998268906550521e+00 5.120121908012031723e-18 3.069504407718777596e-20 1.180175089864789726e+02
8.774505847090372512e+00 4.765855141590273265e-18 2.914188709408615055e-20 1.185504675557432961e+02
8.802885410263835197e+00 4.779401218052054639e-18 3.061221844161036936e-20 1.190846101371465267e+02
8.831137826638769894e+00 5.139899511855933206e-18 3.006303630985330068e-20 1.196199034529597469e+02
8.859263964427004368e+00 5.404718910972773006e-18 3.100433380276930315e-20 1.201563134087906803e+02
8.887264691840364605e+00 5.285263026666822236e-18 3.123658082242611201e-20 1.206938050856213636e+02
8.915140877090678373e+00 4.685941497630453282e-18 2.987023349146968546e-20 1.212323427320611700e+02
8.942893388389773435e+00 4.260853643249585895e-18 2.944426633230077282e-20 1.217718897567796716e+02
8.970523093949477555e+00 4.253049790049179709e-18 3.108088312884275168e-20 1.223124087211208035e+02
8.998030861981618500e+00 4.731249799640100025e-18 3.104073149017127430e-20 1.228538613319225448e+02
9.025417560698024033e+00 4.798399315257696977e-18 3.030161306363590915e-20 1.233962084345581900e+02
9.052684058310518367e+00 4.798894523339486346e-18 2.902107724179739972e-20 1.239394100061716273e+02
9.079831223030932819e+00 4.846011012003890210e-18 2.876291911416022218e-20 1.244834251491955399e+02
9.106859923071091600e+00 4.637601931597006998e-18 2.799061298307457599e-20 1.250282120850958592e+02
9.133771026642822477e+00 4.336857548911129835e-18 3.047751486541781029e-20 1.255737281483509236e+02
9.160565401957953213e+00 4.167719771443209790e-18 2.932140402698793638e-20 1.261199297807443713e+02
9.187243917228315127e+00 4.448223711172580854e-18 2.978530923150247825e-20 1.266667725259563753e+02
9.213807440665727100e+00 4.484035880140064543e-18 3.170693893996962376e-20 1.272142110243601962e+02
9.240256840482025780e+00 4.773341372484734992e-18 3.346405026744477479e-20 1.277621990082290040e+02
9.266592984889033602e+00 4.724399361169222404e-18 3.310102411833615403e-20 1.283106892972592732e+02
9.292816742098576555e+00 4.323791345400979947e-18 3.297556783206906306e-20 1.288596337943178298e+02
9.318928980322485955e+00 3.941978653464951195e-18 3.153703868635649504e-20 1.294089834816937810e+02
9.344930567772586016e+00 4.006495099407720291e-18 3.249640698356236347e-20 1.299586884176271155e+02
9.370822372660700950e+00 4.198545675617632757e-18 3.269873979499756181e-20 1.305086977331772573e+02
9.396605263198662072e+00 4.423448616306558154e-18 3.356776016912061819e-20 1.310589596295743888e+02
9.422280107598297150e+00 4.937387140740238652e-18 3.439482359834332936e-20 1.316094213759433273e+02
9.447847774071432170e+00 4.791228563159469992e-18 2.913496438894303606e-20 1.321600293074007482e+02
9.473309130829893121e+00 4.284260645601799495e-18 2.781781423156009595e-20 1.327107288236082354e+02
9.498665046085509545e+00 4.002805671251122625e-18 2.850549258124386284e-20 1.332614643878080756e+02
9.523916388050103876e+00 3.945899210781374797e-18 3.184761254298619508e-20 1.338121795262532601e+02
9.549064024935507433e+00 4.150810557841986898e-18 3.383930780895984829e-20 1.343628168281464639e+02
9.574108824953547980e+00 4.599494878543676491e-18 3.396576308538110606e-20 1.349133179461041721e+02
9.599051656316049730e+00 4.859552822790276004e-18 3.438130336024877452e-20 1.354636235970271514e+02
9.623893387234840446e+00 4.929592547625767068e-18 3.501207703292352716e-20 1.360136735635455807e+02
9.648634885921747895e+00 4.515402161629380816e-18 3.416425473815956319e-20 1.365634066960131747e+02
9.673277020588596287e+00 4.008563817481134727e-18 3.378496918195475218e-20 1.371127609149852447e+02
9.697820659447213387e+00 3.671396873425351351e-18 3.418692402988351196e-20 1.376616732142811372e+02
9.722266670709426961e+00 4.044159879638615909e-18 3.458972718562107480e-20 1.382100796646313938e+02
9.746615922587066549e+00 4.660274043607684013e-18 3.524919972302927582e-20 1.387579154179088050e+02
9.770869283291954588e+00 5.079532766560655214e-18 3.430536936324208178e-20 1.393051147119047926e+02
9.795027621035920617e+00 5.372453710327093806e-18 3.550750861279105763e-20 1.398516108757557390e+02
9.819091804030790627e+00 5.363013770416293109e-18 3.518152145221084166e-20 1.403973363360124438e+02
9.843062700488392380e+00 4.854271216595998725e-18 3.517916140779231618e-20 1.409422226233043318e+02
9.866941178620550090e+00 4.322221830400032253e-18 3.506463182080756425e-20 1.414862003796665419e+02
9.890728106639089745e+00 4.027980850066318869e-18 3.614234643040102582e-20 1.420291993665011319e+02
9.914424352755842662e+00 4.104894240878433447e-18 3.605721699973849110e-20 1.425711484732886731e+02
9.938030785182633053e+00 4.843811345373578381e-18 3.728461320033617505e-20 1.431119757269221395e+02
9.961548272131285131e+00 5.504404654969657036e-18 3.753051598191584453e-20 1.436516083016862808e+02
9.984977681813630213e+00 5.883033034748082078e-18 3.753143817547094202e-20 1.441899725300606576e+02
1.000831988244149429e+01 5.857633613636985874e-18 3.927534088869944507e-20 1.447269939141981752e+02
1.003157574222669979e+01 5.469395823683004837e-18 3.909767507047772511e-20 1.452625971380421959e+02
1.005474612938107626e+01 4.794329334093213399e-18 3.657941718147000871e-20 1.457967060802829167e+02
1.007783191211645146e+01 4.329408003091700922e-18 3.783290095857875121e-20 1.463292438280728902e+02
1.010083395864464784e+01 4.517620516773178636e-18 3.886089264335518342e-20 1.468601326913898504e+02
1.012375313717749314e+01 5.066196800558742240e-18 3.985754402053079016e-20 1.473892942182231707e+02
1.014659031592681693e+01 5.893109646637424625e-18 4.127282549444600898e-20 1.479166492105931923e+02
1.016934636310444162e+01 6.324529224138731059e-18 4.213409174179630681e-20 1.484421177412225177e+02
1.019202214692219854e+01 6.346921762474592104e-18 4.171954265325544002e-20 1.489656191710817836e+02
1.021461853559191013e+01 6.196523553181590451e-18 4.264077114751298470e-20 1.494870721677134213e+02
1.023713639732540059e+01 5.872073148242305110e-18 4.132453275131884527e-20 1.500063947242555287e+02
1.025957660033450125e+01 5.285469877365590463e-18 4.197492392395241416e-20 1.505235041794276185e+02
1.028194001283103454e+01 4.468991038920885236e-18 4.131897295234940209e-20 1.510383172381957877e+02
1.030422750302682999e+01 3.606079204735292354e-18 4.053919795377720137e-20 1.515507499932588189e+02
1.032643993913371361e+01 2.633863586354017162e-18 3.909088807324599680e-20 1.520607179474010024e+02
1.034857818936351137e+01 1.678048024896482634e-18 3.795552584142485000e-20 1.525681360365803414e+02
1.037064312192804749e+01 1.300288566432467592e-18 4.219250425037056919e-20 1.530729186538479780e+02
1.039263560503914974e+01 1.335394199310727716e-18 4.070833964482020261e-20 1.535749796740995237e+02
1.041455650690864232e+01 1.711035199754879096e-18 4.000835490121687904e-20 1.540742324796009655e+02
1.043640669574835478e+01 2.132977682790264417e-18 4.159321066256792819e-20 1.545705899863486366e+02
1.045818703977010955e+01 2.476027372325677253e-18 4.270494299371693597e-20 1.550639646711913713e+02
1.047989840718573618e+01 2.570313173106754502e-18 4.199357355251825369e-20 1.555542685997730814e+02
1.050154166620705709e+01 2.747145039273710751e-18 4.327230516712501892e-20 1.560414134552573557e+02
1.052311768504590184e+01 2.668865441725374290e-18 4.496497036604430607e-20 1.565253105678430643e+02
1.054462733191409107e+01 2.721262310850792216e-18 4.511468792401648248e-20 1.570058709450352978e+02
1.056607147502345434e+01 3.023483634698591692e-18 4.582176770086015470e-20 1.574830053026830399e+02
1.058745098258581763e+01 3.098130110392308471e-18 4.518663207931376080e-20 1.579566240968325701e+02
1.060876672281300870e+01 3.326845625481967973e-18 4.658402113591466330e-20 1.584266375562496023e+02
1.063001956391685354e+01 3.232583974263391544e-18 4.741598940113032248e-20 1.588929557157409818e+02
1.065121037410917282e+01 2.881130743014537725e-18 4.729268287668489448e-20 1.593554884500989601e+02
1.067234002160179607e+01 2.370297610476834826e-18 4.301006214875103313e-20 1.598141455088635325e+02
1.069340937460654573e+01 1.876001456064392571e-18 4.600427368721883966e-20 1.602688365517321927e+02
1.071441930133525133e+01 1.502928390071305005e-18 5.052164165720182378e-20 1.607194711846093185e+02
1.073537066999974243e+01 1.119591074797446945e-18 4.924952802381411153e-20 1.611659589964634733e+02
1.075626434881183258e+01 1.409777814055658502e-18 4.982689722599014435e-20 1.616082095965371366e+02
1.077710120598335664e+01 1.556264837569019935e-18 5.044190925733735601e-20 1.620464335130345432e+02
1.079788203245726308e+01 1.853359287182737241e-18 5.180068689706532597e-20 1.624821865608293194e+02
1.081860727719375959e+01 1.977556099808605812e-18 5.252505935899474280e-20 1.629175778679730513e+02
1.083927718020050435e+01 2.335747702446913060e-18 5.333479652982102564e-20 1.633535397688889361e+02
1.085989194855966389e+01 2.791968162955525354e-18 5.466241511808505261e-20 1.637901936305355548e+02
1.088045178935340829e+01 2.849537368494981896e-18 5.557965491004081858e-20 1.642275318049031796e+02
1.090095690966391651e+01 3.061177696267296817e-18 5.649214940915908052e-20 1.646655465204540860e+02
1.092140751657335862e+01 3.238847657470572687e-18 5.458315729009512883e-20 1.651042298812390356e+02
1.094180381716390471e+01 3.412760161142366559e-18 5.734663655433851339e-20 1.655435738659602976e+02
1.096214601851772485e+01 3.310755835940987777e-18 6.009567412414035373e-20 1.659835703271393186e+02
1.098243432771699091e+01 3.129538024241983855e-18 5.886053183766318304e-20 1.664242109902468485e+02
1.100266895184388005e+01 3.055513699832416025e-18 6.162404037311081803e-20 1.668654874529120207e+02
1.102285009798056237e+01 3.258564068198990464e-18 5.924271068325597824e-20 1.673073911840727135e+02
1.104297797320920616e+01 3.605898691752983310e-18 5.989726922906300257e-20 1.677499135230506795e+02
1.106305278461198682e+01 3.686899825016963256e-18 6.491949810293278955e-20 1.681930456788096251e+02
1.108307473927107090e+01 4.075030298841479916e-18 6.648346076830149545e-20 1.686367787290875810e+02
1.110304404426863556e+01 4.219268140989305282e-18 6.790598141245083642e-20 1.690811036195886743e+02
1.112296090668685089e+01 4.246550435813279823e-18 6.664526951998618875e-20 1.695260111632277358e+02
1.114282553360788697e+01 4.479291199003911673e-18 6.873473799076014580e-20 1.699714920392321176e+02
1.116263813211391920e+01 4.548614795464407389e-18 7.003046637682410786e-20 1.704175367924174793e+02
1.118239890928711944e+01 4.083560221521301772e-18 7.081751986281362407e-20 1.708641358324431963e+02
1.120210807220965243e+01 3.934809783300914459e-18 7.115159724059718284e-20 1.713112794329077531e+02
1.122176582796369715e+01 3.187280479249675123e-18 7.240761384344891305e-20 1.717589577306750073e+02
1.124137238363142188e+01 2.938479800593724030e-18 7.420412510013955008e-20 1.722071607251501746e+02
1.126092794629499849e+01 3.032839763709115243e-18 7.368883029440159470e-20 1.726558782774173437e+02
1.128043272303660416e+01 3.521696107781762663e-18 7.628307363391413726e-20 1.731051001096526534e+02
1.129988692093840186e+01 3.946105121494135102e-18 7.849527750704025364e-20 1.735548158042822422e+02
1.131929074708256877e+01 4.104089227907626635e-18 7.982859971870142335e-20 1.740050148032835864e+02
1.133864440855127320e+01 4.421961431457213661e-18 7.922149396872326926e-20 1.744556864075225349e+02
1.135794811242669411e+01 4.190749756436989768e-18 8.144620142222624172e-20 1.749068197760871612e+02
1.137720206579099269e+01 5.178885998111724429e-18 8.237757239728236679e-20 1.753584039255213440e+02
1.139640647572635146e+01 4.097457842062106215e-18 8.854605197333151738e-20 1.758104277292142115e+02
1.141556154931493339e+01 3.900254351247457164e-18 8.321522314626547004e-20 1.762628799167882221e+02
1.143466749363891211e+01 3.921115626884066540e-18 7.914386816179424331e-20 1.767157490733038401e+02
1.145372451578046480e+01 3.640796966187244372e-18 8.307042470338246004e-20 1.771690236388542132e+02
1.147273282282175444e+01 3.392342376826252636e-18 7.997314348481319360e-20 1.776226919077804496e+02
1.149169262184495999e+01 3.069415419059219328e-18 8.347689638725652856e-20 1.780767420281147224e+02
1.151060411993224974e+01 3.109854918611230080e-18 8.523513598147321960e-20 1.785311620010717775e+02
1.152946752416579557e+01 3.168445459028277275e-18 8.613553876998846116e-20 1.789859396803729226e+02
1.154828304162776931e+01 3.080856541643819241e-18 8.101384624808276789e-20 1.794410627717517741e+02
1.156705087940034460e+01 3.269149467780533542e-18 8.618601816482957412e-20 1.798965188324352766e+02
1.158577124456568974e+01 3.995356360483799794e-18 9.149602471193548244e-20 1.803522952705729381e+02
1.160444434420598014e+01 4.302599665232114281e-18 9.282373916429613397e-20 1.808083793447849814e+02
1.162307038540338056e+01 4.377625480572792964e-18 9.270793154181203729e-20 1.812647581636250038e+02
1.164164957524006816e+01 3.888329217766366413e-18 9.598833131048688990e-20 1.817214186851292368e+02
1.166018212079821126e+01 4.054507500015079717e-18 9.747990604081118112e-20 1.821783477163745602e+02
1.167866822915999059e+01 3.809409233582139439e-18 9.346038364898723442e-20 1.826355319130913131e+02
1.169710810740756912e+01 3.791869320111592033e-18 9.986765657569069418e-20 1.830929577792430507e+02
1.171550196262311516e+01 3.282416199021910994e-18 1.022401047272528254e-19 1.835506116664393517e+02
1.173385000188881122e+01 2.969478078126180027e-18 1.011213874184736426e-19 1.840084797738617226e+02
1.175215243228681672e+01 2.449575742889210056e-18 1.048486315972765867e-19 1.844665481477529454e+02
1.177040946089930884e+01 2.138686567078479498e-18 1.056492244625823719e-19 1.849248026809856640e+02
1.178862129480846477e+01 1.967014733830899191e-18 1.148113688513773306e-19 1.853832291130198371e+02
1.180678814109644925e+01 2.394601973919713953e-18 1.093341274778183316e-19 1.858418130294171817e+02
1.182491020684543592e+01 2.578380709224759190e-18 1.111829162964830967e-19 1.863005398615726165e+02
1.184298769913759486e+01 2.682046077645914069e-18 1.160295003294149033e-19 1.867593948865238644e+02
1.186102082505510324e+01 3.144156093938629819e-18 1.178441394563505085e-19 1.872183632267849305e+02
1.187900979168012228e+01 2.765994838056552725e-18 1.226794855738665032e-19 1.876774298500382088e+02
1.189695480609482914e+01 3.546816147284874044e-18 1.237763683618987966e-19 1.881365795689587230e+02
1.191485607538139391e+01 3.752759161854454339e-18 1.281301751471095910e-19 1.885957970411567999e+02
1.193271380662199377e+01 3.411014478948214870e-18 1.202737760512728203e-19 1.890550667690440036e+02
1.195052820689879169e+01 3.596741395594890181e-18 1.191468113130912629e-19 1.895143730996399540e+02
1.196829948329396842e+01 3.084147782794105135e-18 1.295233965653756895e-19 1.899737002245720419e+02
1.198602784288968692e+01 2.309205367996910312e-18 1.330774489230181268e-19 1.904330321800279933e+02
1.200371349276812438e+01 1.740323140298574797e-18 1.347858385817635024e-19 1.906629739978657767e+02
