 400.   562.00   0.28 0.0 0.100E+06  0.50  1.00  1.00  Teff, grav(MKS), Y, f_sed, kz_min, [Fe/H], C/O, f_hole
  1   0.0001778    100.87 1.7277E+00  0.0000  0.0000 4.9856E-08
  2   0.0002113    101.03 1.7719E+00  0.3094  0.0096 5.9151E-08
  3   0.0002512    101.22 1.8346E+00  0.3095  0.0105 7.0192E-08
  4   0.0002985    101.83 1.9224E+00  0.3099  0.0350 8.2906E-08
  5   0.0003547    102.93 2.0373E+00  0.3105  0.0620 9.7468E-08
  6   0.0004216    104.45 2.0997E+00  0.3115  0.0852 1.1416E-07
  7   0.0005010    116.38 2.0883E+00  0.3165  0.6265 1.2198E-07
  8   0.0005954    140.29 2.0781E+00  0.3235  1.0827 1.2040E-07
  9   0.0007076    137.08 2.0650E+00  0.3247 -0.1344 1.4645E-07
 10   0.0008410    117.08 2.0460E+00  0.3233 -0.9131 2.0353E-07
 11   0.0009994    102.55 2.0919E+00  0.3161 -0.7674 2.7561E-07
 12   0.0011878    111.50 2.3908E+00  0.3140  0.4841 3.0137E-07
 13   0.0014116    118.33 2.3162E+00  0.3189  0.3444 3.3794E-07
 14   0.0016776    121.27 2.1847E+00  0.3209  0.1423 3.9209E-07
 15   0.0019937    125.18 2.0954E+00  0.3222  0.1839 4.5161E-07
 16   0.0023694    131.12 2.0600E+00  0.3235  0.2685 5.1269E-07
 17   0.0028159    137.61 2.0435E+00  0.3242  0.2796 5.8059E-07
 18   0.0033465    143.75 2.0342E+00  0.3249  0.2530 6.6046E-07
 19   0.0039771    149.22 2.0256E+00  0.3245  0.2163 7.5616E-07
 20   0.0047265    153.70 2.0167E+00  0.3242  0.1716 8.7243E-07
 21   0.0056172    157.69 2.0097E+00  0.3238  0.1481 1.0107E-06
 22   0.0066756    161.54 2.0055E+00  0.3234  0.1398 1.1726E-06
 23   0.0079336    165.36 2.0035E+00  0.3227  0.1357 1.3616E-06
 24   0.0094285    169.14 2.0030E+00  0.3220  0.1307 1.5825E-06
 25   0.0112052    172.79 2.0036E+00  0.3213  0.1239 1.8416E-06
 26   0.0133167    176.39 2.0048E+00  0.3207  0.1194 2.1448E-06
 27   0.0158260    180.03 2.0062E+00  0.3200  0.1183 2.4986E-06
 28   0.0188082    183.79 2.0077E+00  0.3192  0.1195 2.9094E-06
 29   0.0223523    187.66 2.0091E+00  0.3184  0.1208 3.3867E-06
 30   0.0265643    191.70 2.0102E+00  0.3175  0.1232 3.9405E-06
 31   0.0315700    196.03 2.0109E+00  0.3166  0.1294 4.5800E-06
 32   0.0375189    200.59 2.0111E+00  0.3157  0.1334 5.3197E-06
 33   0.0445889    205.20 2.0103E+00  0.3148  0.1315 6.1818E-06
 34   0.0529910    209.71 2.0084E+00  0.3139  0.1260 7.1911E-06
 35   0.0629764    214.29 2.0054E+00  0.3130  0.1251 8.3683E-06
 36   0.0748435    219.13 2.0014E+00  0.3120  0.1294 9.7342E-06
 37   0.0889467    224.68 1.9987E+00  0.3111  0.1449 1.1301E-05
 38   0.1057074    230.75 2.0104E+00  0.3101  0.1544 1.3118E-05
 39   0.1256265    240.24 2.0321E+00  0.3088  0.2336 1.5107E-05
 40   0.1492991    252.88 2.0406E+00  0.3072  0.2969 1.7123E-05
 41   0.1774324    265.35 2.0435E+00  0.3056  0.2787 1.9387E-05
 42   0.2108671    277.70 2.0437E+00  0.3043  0.2636 2.2016E-05
 43   0.2506020    290.57 2.0422E+00  0.3031  0.2625 2.5006E-05
 44   0.2978245    305.73 3.7756E+03  0.3022  0.2944 2.8263E-05
 45   0.3539454    322.07 1.3645E+04  0.3012  0.3017 3.1883E-05
 46   0.4206415    339.24 3.0894E+04  0.3005  0.3009 3.5973E-05
 47   0.4999055    357.29 5.5899E+04  0.2999  0.3002 4.0592E-05
 48   0.5941057    376.26 8.7416E+04  0.2995  0.2997 4.5809E-05
 49   0.7060567    396.22 1.2224E+05  0.2991  0.2993 5.1700E-05
 50   0.8391032    417.20 1.5505E+05  0.2989  0.2990 5.8351E-05
 51   0.9972205    439.29 1.7929E+05  0.2987  0.2988 6.5860E-05
 52   1.1851328    462.52 1.9089E+05  0.2985  0.2986 7.4338E-05
 53   1.4084546    486.97 1.9005E+05  0.2983  0.2984 8.3909E-05
 54   1.6738583    512.70 1.8126E+05  0.2982  0.2983 9.4716E-05
 55   1.9892735    539.78 1.7186E+05  0.2980  0.2981 1.0692E-04
 56   2.3641244    568.27 1.7014E+05  0.2978  0.2979 1.2069E-04
 57   2.8096107    598.24 1.8176E+05  0.2976  0.2977 1.3624E-04
 58   3.3390427    629.77 2.0427E+05  0.2974  0.2975 1.5380E-04
 59   3.9682388    662.93 2.3908E+05  0.2971  0.2973 1.7362E-04
 60   4.7159981    697.80 2.8394E+05  0.2967  0.2969 1.9600E-04
 61   5.6046623    734.44 3.2861E+05  0.2962  0.2965 2.2130E-04
 62   6.6607828    772.93 3.6021E+05  0.2955  0.2959 2.4991E-04
 63   7.9159146    813.34 3.6904E+05  0.2949  0.2952 2.8226E-04
 64   9.4075584    855.75 3.6238E+05  0.2939  0.2944 3.1884E-04
 65  11.1802817    900.22 3.1777E+05  0.2930  0.2935 3.6018E-04
 66  13.2870500    946.83 2.5148E+05  0.2917  0.2924 4.0696E-04
 67  15.7908095    995.62 1.6500E+05  0.2904  0.2910 4.5994E-04
 68  18.7663676   1046.68 6.6661E+04  0.2889  0.2897 5.1996E-04
 69  22.3026281   1100.04 2.0167E+00  0.2871  0.2880 5.8795E-04
 70  26.5052477   1154.17 2.0247E+00  0.2854  0.2783 6.6604E-04
 71  31.4997924   1206.84 2.0189E+00  0.2834  0.2585 7.5705E-04
 72  37.4354894   1259.30 2.0148E+00  0.2816  0.2465 8.6210E-04
 73  44.4896859   1311.71 2.0124E+00  0.2797  0.2362 9.8329E-04
 74  52.8731474   1364.70 2.0110E+00  0.2778  0.2294 1.1228E-03
 75  62.8363554   1418.78 2.0103E+00  0.2760  0.2251 1.2830E-03
 76  74.6769912   1474.68 2.0093E+00  0.2740  0.2238 1.4668E-03
 77  88.7488299   1533.14 2.0092E+00  0.2720  0.2252 1.6773E-03
 78 105.4723105   1594.59 2.0091E+00  0.2700  0.2276 1.9169E-03
 79 125.3470981   1659.11 2.0093E+00  0.2678  0.2297 2.1873E-03
 80 148.9670125   1727.50 2.0099E+00  0.2656  0.2340 2.4950E-03
 81 177.0377708   1802.13 7.0691E+04  0.2634  0.2450 2.8419E-03
 82 210.3980724   1885.57 2.5746E+05  0.2608  0.2622 3.2280E-03
 83 250.0446581   1971.96 4.7678E+05  0.2581  0.2595 3.6701E-03
 84 297.1620905   2061.37 6.7426E+05  0.2554  0.2569 4.1758E-03
 85 353.1581467   2153.75 8.5898E+05  0.2524  0.2539 4.7562E-03
 86 419.7058796   2249.14 1.0092E+06  0.2495  0.2510 5.4182E-03
 87 498.7936057   2347.59 1.1653E+06  0.2463  0.2482 6.1756E-03
 88 592.7843120   2448.89 1.2740E+06  0.2429  0.2447 7.0425E-03
 89 704.4862575   2553.15 1.3447E+06  0.2398  0.2415 8.0420E-03
 90 837.2368785   2660.25 1.3634E+06  0.2358  0.2380 9.1894E-03
 91 999.0025047   2772.62 1.4512E+06  0.2320  0.2342 1.0528E-02
